free_thresh: 0.196
image: custom.pgm
negate: 0
occupied_thresh: 0.65
origin: [-16.19999999999999, -5.599999999999994, 0.0]
resolution: 0.05
